points 
 2 
 1 
default_description
-0.9995 -0.0233 0.1155
-0.5051 0.5000 0.0518
-0.3241 -0.4680 0.2039
-0.1578 0.3645 0.2133
-0.8985 -0.3019 0.1000
-0.5403 0.4984 0.0260
-0.9680 -0.1761 0.0722
-0.9866 -0.1149 0.1369
-0.1320 -0.3384 0.0400
-0.3336 0.4715 0.1966
-0.4055 0.4910 0.2143
-0.5726 0.4947 0.1131
-0.0084 -0.0911 0.0927
-0.3140 -0.4641 0.1969
-0.8643 0.3424 0.0344
-0.4042 -0.4907 0.1617
-0.2616 0.4395 0.0941
-0.0220 -0.1465 0.1641
-0.9963 -0.0609 0.1058
-0.2773 0.4476 0.0977
-0.6080 -0.4882 0.1372
-0.6496 0.4771 0.2463
-0.0548 -0.2276 0.1476
-0.6711 -0.4698 0.3268
-0.9878 0.1100 0.1378
-0.5531 -0.4972 0.0614
-0.8811 0.3237 0.0234
-0.5062 0.5000 0.0488
-0.8398 -0.3668 0.1382
-0.4403 -0.4964 0.0632
-0.8840 -0.3202 0.0636
-0.9999 -0.0121 0.1227
-0.9526 -0.2126 0.0556
-0.7818 0.4130 0.2144
-0.9937 -0.0794 0.1062
-0.2222 -0.4157 0.2189
-0.8160 0.3875 0.1537
-0.6826 0.4654 0.2434
-0.0050 0.0708 0.1319
-0.5426 0.4982 0.0281
-0.9397 0.2381 0.3273
-0.9982 0.0418 0.1415
-0.9838 0.1264 0.1536
-0.5823 -0.4932 0.0680
-0.0007 0.0272 0.1508
-0.0094 0.0967 0.1032
-0.0163 0.1266 0.1354
-0.0480 -0.2138 0.1536
-0.0814 0.2734 0.3152
-0.7812 -0.4134 0.3277
-0.0802 -0.2716 0.1593
-0.8938 -0.3081 0.0781
-0.1711 -0.3766 0.0278
-0.4636 -0.4987 0.0776
-0.1563 -0.3631 0.0220
-0.1314 -0.3378 0.0423
-0.5558 -0.4969 0.0563
-0.5341 0.4988 0.0227
-0.1409 -0.3479 0.0278
-0.1302 0.3365 0.2059
-0.4056 0.4910 0.2141
-0.9585 -0.1995 0.0422
-0.4479 -0.4973 0.0576
-0.7346 0.4416 0.2390
-0.0894 -0.2853 0.1612
-0.9667 -0.1793 0.0627
-0.8599 0.3471 0.0526
-0.9973 0.0519 0.1510
-0.8762 -0.3294 0.0749
-0.1613 -0.3678 0.0155
-0.1059 0.3077 0.2410
-0.8868 0.3169 0.0483
-0.9744 0.1579 0.2166
-0.2267 0.4187 0.1322
-0.8768 0.3287 0.0171
-0.9452 -0.2275 0.1026
-0.8372 -0.3692 0.1416
-0.2903 0.4539 0.1112
-0.2128 0.4093 0.1619
-0.1728 -0.3781 0.0344
-0.6359 0.3743 0.3885
-0.2989 -0.4179 0.2459
-0.9049 -0.1734 0.1866
-0.5023 0.4599 0.1287
-0.8149 0.3447 0.1443
-0.6348 0.0799 1.0024
-0.0801 -0.1029 0.1977
-0.0516 -0.1563 0.1626
-0.2823 -0.1400 0.7073
-0.3337 -0.2522 0.6073
-0.4813 -0.4732 0.1329
-0.3577 0.1842 0.8457
-0.6214 -0.2139 0.5062
-0.2405 0.1016 0.7380
-0.5935 -0.3255 0.5137
-0.0384 -0.0717 0.1171
-0.7699 -0.2484 0.4651
-0.9503 -0.1029 0.1668
-0.6135 -0.1506 0.5708
-0.5512 -0.4722 0.0931
0.8561 -0.3509 0.0267
0.3148 -0.4644 0.0576
0.2154 -0.4111 0.0728
0.2991 0.4579 0.2900
0.1367 -0.3435 0.1361
0.9990 0.0312 0.1988
0.8314 0.3744 0.1348
0.4683 -0.4990 0.0302
0.2503 0.4332 0.2368
0.4565 -0.4981 0.0635
0.0488 0.2156 0.1227
0.9928 0.0845 0.2252
0.5390 -0.4985 0.1014
0.5279 -0.4992 0.0701
0.1655 0.3716 0.1806
0.0544 -0.2269 0.0619
0.9910 -0.0946 0.2477
0.5341 0.4988 0.2367
0.6238 0.4844 0.3649
0.7233 -0.4474 -0.0001
0.0504 -0.2187 0.0398
0.3696 -0.4827 0.0228
0.9204 -0.2706 0.2300
0.8706 -0.3357 0.0857
0.0862 -0.2807 0.1697
0.1848 -0.3881 0.0992
0.9966 -0.0578 0.2131
0.1555 0.3624 0.1933
0.4465 0.4971 0.2042
0.1004 -0.3005 0.1935
0.7161 -0.4509 0.0074
0.6612 -0.4733 0.1913
0.9597 0.1968 0.3427
0.2505 -0.4333 0.0552
0.8694 0.3370 0.0847
0.2399 -0.4270 0.0437
0.0512 -0.2204 0.0416
0.4875 -0.4998 0.0171
0.7131 -0.4523 0.0166
0.7538 -0.4308 0.0665
0.7466 -0.4349 0.0438
0.2742 -0.4461 0.0755
0.0356 -0.1852 0.0742
0.8721 0.3340 0.0884
0.5003 -0.5000 0.0380
0.3553 -0.4786 0.0340
0.9201 -0.2711 0.2284
0.9800 0.1400 0.2459
0.0169 0.1290 0.1157
0.9849 -0.1221 0.3264
0.0901 0.2863 0.2070
0.3998 -0.4899 0.0979
0.4849 -0.4998 0.0146
0.7247 -0.4467 0.0014
0.0018 -0.0422 0.0851
0.8531 -0.3540 0.0226
0.3758 -0.4843 0.0288
0.0039 -0.0622 0.0471
0.5927 0.4913 0.2917
0.8722 0.3338 0.0891
0.0665 0.2492 0.1084
0.2885 0.4531 0.2767
0.2287 -0.4200 0.0560
0.8243 -0.3805 0.1140
0.3510 -0.4773 0.0381
0.0327 0.1777 0.1410
0.0675 0.2509 0.1102
0.1658 -0.3719 0.0864
0.9994 0.0251 0.2046
0.0335 -0.1799 0.0902
0.0042 -0.0650 0.0473
0.4718 0.4992 0.1883
0.3086 -0.4619 0.0528
0.1712 0.3767 0.1877
0.8511 -0.3559 0.0252
0.2957 -0.4564 0.0581
0.7838 0.4117 0.2637
0.4327 0.4954 0.2309
0.8140 0.3891 0.1586
0.1580 -0.3647 0.0962
0.6303 0.3236 0.4177
0.3302 0.2817 0.6087
0.7491 -0.1863 0.4619
0.6615 -0.2693 0.4047
0.7892 -0.3451 0.1848
0.0493 0.0984 0.1663
0.8099 -0.0291 0.6565
0.3513 -0.1816 0.9535
0.4792 0.3629 0.4825
0.0608 0.1577 0.1491
0.7866 0.2949 0.3046
0.6221 0.2800 0.3434
0.5741 -0.4309 0.2902
0.7210 -0.4045 0.1122
0.6077 0.1776 0.3585
0.6650 -0.2075 0.4609
0.5852 0.1865 0.3471
0.0047 0.0029 0.1462
0.8997 0.1556 0.3596
0.5087 0.0593 0.7398
