points 
 2 
 1.5 
default_description
-0.9066 1.4219 0.6759
0.5209 0.1464 0.2803
-0.5034 0.1359 0.4545
0.9715 0.7631 0.5284
-0.9636 0.7325 0.3667
-0.1618 1.9868 0.6346
-0.9587 1.2845 0.8193
-0.5053 1.8629 0.4269
-0.8659 1.5002 0.5645
0.1550 0.0121 0.4760
0.5497 1.8353 0.2117
0.8393 1.5437 0.4714
0.0829 0.0034 0.4028
0.2087 1.9780 0.4805
-0.7221 1.6918 0.5629
-0.1761 0.0156 0.2017
0.9892 1.1464 0.6129
-0.3308 0.0563 0.2644
0.9703 1.2419 0.4328
-0.8973 0.5586 0.4158
0.4718 1.8817 0.2103
0.9556 0.7053 0.5476
0.6070 0.2053 0.3519
0.7385 1.6743 0.3437
0.9827 0.8149 0.5720
-0.0018 0.0000 0.3667
-0.7212 0.3072 0.4133
0.4142 1.9102 0.2693
0.9697 0.7556 0.5284
0.5378 0.1569 0.2803
0.2383 1.9712 0.4431
0.5740 0.1811 0.2913
-0.9915 0.8698 0.1903
-0.4606 1.8876 0.4344
0.9471 1.3210 0.3765
0.2572 0.0336 0.4798
-0.8015 1.5980 0.5050
-0.8727 0.5118 0.4027
-0.8437 0.4631 0.4101
0.0398 1.9992 0.5139
0.6712 1.7413 0.2989
-0.0685 1.9976 0.5894
-0.9844 0.8239 0.2426
-0.1240 0.0077 0.2467
0.4854 1.8743 0.2103
-0.4148 1.9099 0.4627
-0.0729 0.0027 0.3090
-0.8805 0.5260 0.4027
-0.9956 1.0934 0.5386
1.0000 1.0057 0.7032
0.5561 1.8311 0.2180
-0.9912 0.8678 0.1909
0.9232 1.3843 0.3641
0.9887 0.8502 0.6084
0.4639 1.8859 0.2177
-0.9995 1.0326 0.3926
0.9144 0.5952 0.6074
0.5333 1.8459 0.2116
-0.1919 0.0186 0.2017
0.7738 0.3666 0.6419
0.5810 0.1861 0.2985
-0.7833 1.6216 0.5108
-0.1285 0.0083 0.2415
0.4142 0.0898 0.3479
-0.8469 1.5318 0.5224
-0.9064 0.5776 0.4176
0.0753 1.9972 0.5139
0.2736 0.0381 0.4798
-0.3981 0.0827 0.3246
-0.7264 0.3127 0.4133
0.8489 0.4715 0.7036
0.7337 0.3206 0.5920
0.4309 0.0976 0.3174
-0.6172 1.7868 0.5144
-0.7185 0.3045 0.4166
-0.2537 1.9673 0.6245
-0.4279 1.9038 0.4457
-0.0580 1.9983 0.5807
0.8252 0.4352 0.7122
-0.9967 0.9182 0.2085
0.9632 1.2688 0.4068
-0.2924 0.0437 0.2287
-0.7442 0.3320 0.4097
0.7026 1.7116 0.3184
-0.3044 0.0475 0.2392
0.1084 0.0059 0.4238
0.7450 1.6671 0.3569
0.2795 1.9602 0.4080
0.9225 1.3861 0.3651
-0.2682 0.0366 0.2121
-0.5262 1.8504 0.4424
0.8256 1.5642 0.4606
0.3370 1.9415 0.3605
0.4654 0.1149 0.2855
-0.6620 0.2505 0.4786
-0.4886 0.1275 0.4331
0.6522 1.7580 0.2909
-0.9995 0.9671 0.2572
-0.9601 0.7203 0.3766
-0.9986 0.9475 0.2277
-0.5145 1.1957 0.9535
-0.4786 0.7634 1.3852
-0.2975 1.6569 0.9119
-0.5996 1.1174 0.8508
-0.6298 1.1760 0.8172
0.5810 1.6000 0.5559
-0.0809 1.1053 1.5007
0.7034 1.2604 0.6555
0.4242 1.5066 1.0257
-0.8484 0.8405 0.4677
0.0173 0.6383 1.2440
-0.4895 0.1415 0.4393
0.2011 0.3894 1.1372
-0.5732 1.0426 0.9387
0.3875 0.7831 1.4892
-0.0649 0.9065 1.3211
0.7364 1.2002 0.6580
0.5310 0.6759 1.2538
-0.0129 0.4877 1.3006
0.8657 1.4204 0.4044
-0.5723 1.6705 0.6220
-0.4185 1.4394 1.0640
0.0181 0.7717 1.2321
0.6389 1.3481 0.7346
-0.6994 1.3986 0.7146
-0.4973 -0.9482 0.0940
0.4498 -0.7817 0.0791
0.2929 -0.5947 0.0957
-0.0077 -1.4999 0.1109
0.4857 -1.1186 0.2121
0.3851 -0.6811 0.0277
-0.3973 -1.3036 0.0366
-0.0733 -0.5054 0.0437
-0.1839 -1.4649 0.0500
-0.0720 -1.4948 0.0489
-0.0590 -0.5035 0.0449
-0.4740 -0.8407 0.1001
-0.4853 -1.1203 0.1227
-0.4196 -0.7281 0.0258
-0.4199 -1.2714 0.0791
0.2011 -1.4578 0.2722
0.4998 -0.9864 0.1694
-0.5000 -0.9935 0.1459
0.4995 -1.0213 0.1429
-0.4666 -0.8203 0.1013
-0.4846 -0.8767 0.0807
-0.3363 -0.6300 0.1547
-0.1486 -1.4774 0.0372
0.2570 -1.4289 0.3059
-0.4977 -0.9516 0.0968
-0.4564 -1.2042 0.1084
-0.2420 -1.4376 0.0171
0.4595 -0.8028 0.0972
0.1685 -1.4707 0.2685
0.3059 -0.6045 0.0774
-0.4124 -0.7173 0.0238
0.4804 -1.1386 0.2632
0.0684 -0.5047 0.2236
0.2382 -0.5604 0.1560
-0.0998 -1.4899 0.0248
-0.4856 -1.1190 0.1237
-0.3867 -1.3170 0.0126
-0.0017 -0.5000 0.1075
0.4986 -1.0368 0.1428
-0.2248 -1.4466 0.0249
0.4201 -0.7289 0.0713
-0.3893 -1.3138 0.0161
-0.4914 -1.0926 0.1476
-0.4212 -1.2694 0.0831
-0.4161 -0.7228 0.0228
-0.0499 -0.5025 0.0525
-0.2627 -1.4254 0.0275
-0.1256 -0.5160 0.0879
-0.1407 -0.5202 0.1052
0.3346 -1.3716 0.4604
-0.3707 -1.3356 0.0127
0.2724 -1.4193 0.3273
-0.0814 -1.4933 0.0375
0.3973 -1.3035 0.5480
-0.3214 -0.6170 0.1535
-0.3153 -1.3881 0.0738
-0.2854 -0.5895 0.1408
0.3806 -0.6757 0.0194
0.4921 -0.9112 0.1920
0.3523 -0.6452 0.0000
-0.1903 -0.5377 0.1328
0.0334 -1.4989 0.1792
0.0067 -1.5000 0.1346
0.1848 -0.5354 0.2320
0.2333 -0.5578 0.1605
-0.4413 -0.7649 0.0580
0.3276 -0.6223 0.0410
-0.4827 -0.8698 0.0816
-0.4729 -1.1623 0.0937
-0.2568 -0.5710 0.1023
0.0474 -1.4978 0.2035
0.3511 -0.6440 0.0014
-0.4996 -0.9790 0.1333
-0.3487 -1.3584 0.0556
-0.1161 -1.4863 0.0322
-0.0076 -0.5001 0.0977
-0.2582 -1.4282 0.0194
0.4863 -1.1161 0.2078
0.0905 -0.5083 0.2551
0.3695 -0.6632 0.0040
0.4739 -0.8407 0.1363
-0.2586 -0.5721 0.1030
-0.3649 -1.3419 0.0197
0.4431 -0.7683 0.0727
0.4988 -0.9649 0.1863
-0.3196 -1.3845 0.0738
-0.1634 -0.5274 0.1204
-0.0965 -1.4906 0.0248
-0.1677 -1.4710 0.0488
0.4820 -0.8671 0.1670
0.3646 -0.6579 -0.0000
-0.4719 -1.1653 0.0915
-0.4124 -0.7173 0.0237
-0.2579 -0.5716 0.1023
-0.4942 -0.9242 0.0807
0.2078 -0.5452 0.1946
-0.4554 -0.7935 0.0811
-0.0647 -0.5042 0.0436
0.4907 -1.0959 0.1846
-0.3991 -0.6987 0.0555
-0.0182 -0.7348 0.6458
-0.1733 -1.2996 0.3016
0.3492 -0.9374 0.4351
-0.0871 -1.3352 0.2355
0.1621 -0.9610 0.6323
-0.4450 -1.1781 0.0992
0.1648 -0.9643 0.6346
-0.1160 -1.1009 0.6793
-0.0937 -1.2632 0.3494
-0.2519 -1.4297 0.0143
0.4183 -0.7757 0.0767
0.1302 -0.9638 0.6315
-0.2693 -0.8305 0.4476
-0.1948 -1.4118 0.0774
-0.2926 -0.9669 0.5100
-0.3575 -0.7130 0.1140
0.3785 -0.7607 0.1146
0.0426 -1.2355 0.4488
0.1880 -1.3376 0.3533
0.1395 -1.4019 0.2885
0.1097 -1.1982 0.5826
-0.0608 -0.7941 0.7585
-0.3226 -0.9291 0.4003
-0.0913 -1.3601 0.2058
-0.0462 -1.3338 0.2831
