points 
 2 
 2 
default_description
-0.9066 1.4219 0.7336
0.5209 0.1464 0.2431
-0.5034 0.1359 0.4751
0.9715 0.7631 0.3138
-0.9636 0.7325 0.4827
-0.1618 1.9868 0.6879
-0.9587 1.2845 1.0908
-0.5053 1.8629 0.3285
-0.8659 1.5002 0.5279
0.1550 0.0121 0.4395
0.5497 1.8353 0.2117
0.8393 1.5437 0.5986
0.0829 0.0034 0.4536
0.2087 1.9780 0.4818
-0.7221 1.6918 0.6662
-0.1761 0.0156 0.2363
0.9892 1.1464 0.7513
-0.3308 0.0563 0.2740
0.9703 1.2419 0.4469
-0.8973 0.5586 0.3213
0.4718 1.8817 0.1661
0.9556 0.7053 0.4271
0.6070 0.2053 0.3606
0.7385 1.6743 0.3465
0.9827 0.8149 0.3867
-0.0018 0.0000 0.4538
-0.7212 0.3072 0.2474
0.4142 1.9102 0.3477
0.9697 0.7556 0.3138
0.5378 0.1569 0.2021
0.2383 1.9712 0.4662
0.5740 0.1811 0.2020
-0.9915 0.8698 0.1903
-0.4606 1.8876 0.3284
0.9471 1.3210 0.3312
0.2572 0.0336 0.5629
-0.8015 1.5980 0.4963
-0.8727 0.5118 0.3506
-0.8437 0.4631 0.4738
0.0398 1.9992 0.5586
0.6712 1.7413 0.3433
-0.0685 1.9976 0.4846
-0.9844 0.8239 0.3131
-0.1240 0.0077 0.2194
0.4854 1.8743 0.1661
-0.4148 1.9099 0.3985
-0.0729 0.0027 0.3307
-0.8805 0.5260 0.3211
-0.9956 1.0934 0.6569
1.0000 1.0057 0.9475
0.5561 1.8311 0.2449
-0.9912 0.8678 0.1945
0.9232 1.3843 0.3387
0.9887 0.8502 0.4643
0.4639 1.8859 0.1855
-0.9995 1.0326 0.4246
0.9144 0.5952 0.7489
0.5333 1.8459 0.1694
-0.1919 0.0186 0.2533
0.7738 0.3666 0.7316
0.5810 0.1861 0.2208
-0.7833 1.6216 0.5412
-0.1285 0.0083 0.2194
0.4142 0.0898 0.4222
-0.8469 1.5318 0.4918
-0.9064 0.5776 0.3671
0.0753 1.9972 0.5587
0.2736 0.0381 0.5719
-0.3981 0.0827 0.4310
-0.7264 0.3127 0.2474
0.8489 0.4715 0.7180
0.7337 0.3206 0.7321
0.4309 0.0976 0.3795
-0.6172 1.7868 0.6524
-0.7185 0.3045 0.2557
-0.2537 1.9673 0.8013
-0.4279 1.9038 0.3669
-0.0580 1.9983 0.4846
0.8252 0.4352 0.7176
-0.9967 0.9182 0.1903
0.9632 1.2688 0.3867
-0.2924 0.0437 0.2137
-0.7442 0.3320 0.3044
0.7026 1.7116 0.3171
-0.3044 0.0475 0.2137
0.1084 0.0059 0.4394
0.7450 1.6671 0.3675
0.2795 1.9602 0.4568
0.9225 1.3861 0.3432
-0.2682 0.0366 0.2212
-0.5262 1.8504 0.3812
0.8256 1.5642 0.5854
0.3370 1.9415 0.4570
0.4654 0.1149 0.2960
-0.6620 0.2505 0.5031
-0.4886 0.1275 0.4431
0.6522 1.7580 0.3966
-0.9995 0.9671 0.2536
-0.9601 0.7203 0.5181
-0.9986 0.9475 0.2112
-0.5145 1.1957 0.9065
-0.4786 0.7634 1.9751
-0.2975 1.6569 1.3747
-0.5996 1.1174 0.9018
-0.6298 1.1760 0.8693
0.5810 1.6000 0.8240
-0.0809 1.1053 2.0017
0.7034 1.2604 0.8802
0.4242 1.5066 1.4946
-0.8484 0.8405 0.7084
0.0173 0.6383 1.2769
-0.4895 0.1415 0.4601
0.2011 0.3894 1.6641
-0.5732 1.0426 1.0056
0.3875 0.7831 1.9018
-0.0649 0.9065 1.5194
0.7364 1.2002 0.9394
0.5310 0.6759 1.7628
-0.0129 0.4877 1.6134
0.8657 1.4204 0.4780
-0.5723 1.6705 0.8510
-0.4185 1.4394 1.4240
0.0181 0.7717 1.2990
0.6389 1.3481 1.0326
-0.6994 1.3986 1.0435
-0.4973 -0.9482 0.0857
0.4498 -0.7817 0.1053
0.2929 -0.5947 0.1888
-0.0077 -1.4999 0.1645
0.4857 -1.1186 0.1411
0.3851 -0.6811 0.0686
-0.3973 -1.3036 0.0599
-0.0733 -0.5054 0.0744
-0.1839 -1.4649 0.1307
-0.0720 -1.4948 0.0809
-0.0590 -0.5035 0.0442
-0.4740 -0.8407 0.1360
-0.4853 -1.1203 0.1013
-0.4196 -0.7281 0.0146
-0.4199 -1.2714 0.1405
0.2011 -1.4578 0.3097
0.4998 -0.9864 0.2113
-0.5000 -0.9935 0.1880
0.4995 -1.0213 0.1954
-0.4666 -0.8203 0.1360
-0.4846 -0.8767 0.1382
-0.3363 -0.6300 0.2853
-0.1486 -1.4774 0.1061
0.2570 -1.4289 0.3170
-0.4977 -0.9516 0.0857
-0.4564 -1.2042 0.1826
-0.2420 -1.4376 0.0337
0.4595 -0.8028 0.1322
0.1685 -1.4707 0.3799
0.3059 -0.6045 0.1605
-0.4124 -0.7173 0.0000
0.4804 -1.1386 0.2307
0.0684 -0.5047 0.3363
0.2382 -0.5604 0.1586
-0.0998 -1.4899 0.0217
-0.4856 -1.1190 0.1041
-0.3867 -1.3170 0.0405
-0.0017 -0.5000 0.1600
0.4986 -1.0368 0.1954
-0.2248 -1.4466 0.0871
0.4201 -0.7289 0.1813
-0.3893 -1.3138 0.0409
-0.4914 -1.0926 0.2199
-0.4212 -1.2694 0.1457
-0.4161 -0.7228 0.0007
-0.0499 -0.5025 0.0442
-0.2627 -1.4254 0.0559
-0.1256 -0.5160 0.1527
-0.1407 -0.5202 0.1532
0.3346 -1.3716 0.5198
-0.3707 -1.3356 0.0406
0.2724 -1.4193 0.3397
-0.0814 -1.4933 0.0549
0.3973 -1.3035 0.8063
-0.3214 -0.6170 0.2194
-0.3153 -1.3881 0.1679
-0.2854 -0.5895 0.1212
0.3806 -0.6757 0.0380
0.4921 -0.9112 0.2827
0.3523 -0.6452 0.0239
-0.1903 -0.5377 0.2193
0.0334 -1.4989 0.2222
0.0067 -1.5000 0.1644
0.1848 -0.5354 0.2801
0.2333 -0.5578 0.1586
-0.4413 -0.7649 0.1491
0.3276 -0.6223 0.0998
-0.4827 -0.8698 0.1382
-0.4729 -1.1623 0.0777
-0.2568 -0.5710 0.1016
0.0474 -1.4978 0.2775
0.3511 -0.6440 0.0276
-0.4996 -0.9790 0.1452
-0.3487 -1.3584 0.1055
-0.1161 -1.4863 0.0578
-0.0076 -0.5001 0.1360
-0.2582 -1.4282 0.0398
0.4863 -1.1161 0.1355
0.0905 -0.5083 0.3655
0.3695 -0.6632 0.0018
0.4739 -0.8407 0.2018
-0.2586 -0.5721 0.0989
-0.3649 -1.3419 0.0591
0.4431 -0.7683 0.0999
0.4988 -0.9649 0.2231
-0.3196 -1.3845 0.1629
-0.1634 -0.5274 0.2047
-0.0965 -1.4906 0.0217
-0.1677 -1.4710 0.1312
0.4820 -0.8671 0.2540
0.3646 -0.6579 0.0018
-0.4719 -1.1653 0.0786
-0.4124 -0.7173 -0.0000
-0.2579 -0.5716 0.0989
-0.4942 -0.9242 0.1231
0.2078 -0.5452 0.2202
-0.4554 -0.7935 0.1840
-0.0647 -0.5042 0.0555
0.4907 -1.0959 0.1356
-0.3991 -0.6987 0.0623
-0.0182 -0.7348 0.9928
-0.1733 -1.2996 0.4678
0.3492 -0.9374 0.7230
-0.0871 -1.3352 0.2890
0.1621 -0.9610 0.7037
-0.4450 -1.1781 0.1463
0.1648 -0.9643 0.7057
-0.1160 -1.1009 1.0185
-0.0937 -1.2632 0.4158
-0.2519 -1.4297 0.0272
0.4183 -0.7757 0.1074
0.1302 -0.9638 0.7381
-0.2693 -0.8305 0.7202
-0.1948 -1.4118 0.1967
-0.2926 -0.9669 0.7663
-0.3575 -0.7130 0.1950
0.3785 -0.7607 0.2349
0.0426 -1.2355 0.6423
0.1880 -1.3376 0.5102
0.1395 -1.4019 0.4279
0.1097 -1.1982 0.8300
-0.0608 -0.7941 1.0888
-0.3226 -0.9291 0.6244
-0.0913 -1.3601 0.3194
-0.0462 -1.3338 0.3740
